1.453929107225125
0.8142198022186865
0.6034612161475302
0.7267932736484516
2.491300947022256
0.4581501793062428
0.0725343132385015
1.936453722752312
0.0856698473364761
0.1467600230626993
0.3906650226016423
1.837258686381038
0.4666076294712472
0.3710518959865259
0.8636321009908674
1.581790612541278
0.05356684365998819
0.878026275807849
2.640238366814498
1.172516528444351
3.271246438087256
0.4451425003274648
1.202598626735049
0.4763864916907504
2.600651298412912
1.618400054988524
3.402602744175661
0.53491921862325
1.411677291976671
0.4822685736870616
0.9629205822247604
1.095756769050119
0.03615746413275602
0.6277656025768491
2.620702868038608
0.2203858137837626
0.01262881639904038
1.164338729229656
0.9384164178179213
0.8106228177336494
0.6131201871886044
2.77136533711755
0.6837115236696658
1.65962856397951
0.3463092514892734
1.767854516029006
0.5294859118389356
0.3714834415914857
0.6416553451774416
1.344390185967618
0.1975201232280502
0.1180420654497362
0.1462677420604075
0.9143051072613569
2.499728632391856
0.7308758093344074
0.9545650579761586
1.066246885860654
0.03653539372021344
0.4919169249431752
0.3924034158924308
0.05710488386828517
7.475200275520931
0.5061508627896717
0.5089441131267104
0.1290501732008628
0.5897107649012118
1.677260142778281
0.08046775922018869
0.4607611216516793
0.5321559433755244
1.193758005568102
1.254610925738825
0.7794629187431313
3.232285671793853
0.7174135424748412
0.04711456458886194
0.2787810664363765
0.7134965105638996
0.779826017156929
0.1084123098423372
0.6174966445481578
0.8822174800066047
5.610256439476763
1.96693474918738
1.652083623650023
0.6963494302343608
0.002293096258838964
1.896949845058517
0.4419643334320501
0.1487280141250977
0.6403374360059533
0.2921933544320966
1.148433337670179
4.825784336764744
0.619543327910014
0.8476625925264185
0.1069833582825809
0.8793367041087861
0.9019442616758361
0.8904826856759424
0.06543902412840415
0.3382445302679752
0.4809001194984783
0.4560061049899731
1.357100984363528
0.8537981876139856
0.167514536642071
1.524752490444097
1.094107505643255
0.1647215218949956
0.9358762600773152
0.7440548567031279
1.289633491326402
0.8112682389564421
0.6380440111226913
1.277007694719944
2.789856219601164
1.152440575485068
0.4010276977570865
0.05617717827252643
0.1943863545146326
0.1728248981084937
2.489056737025883
1.082754904030264
0.4265441953997473
1.46837943243933
0.3234824423132389
0.3572623023585329
3.58989209182265
0.1735523371514077
0.9812174778376466
0.4192079178408799
0.2227670704572438
1.411571660753231
1.388753443912596
2.822562362950017
1.346825689389149
0.5193517275170775
0.3835629416831371
0.354429292817128
0.2355143920358616
0.1402148589534476
0.9409979181228549
0.8717985028380284
0.05879148987193121
0.2651723911896828
1.475309605267883
1.71119792459342
1.383774972462293
0.4195720301875814
0.4796461004154395
0.416098859565436
0.8614975383091351
2.763046036737813
0.7528002081440881
0.2660205457548205
1.35128052376101
1.767377957798439
0.9069418700125091
1.173871640929707
1.333636798443251
1.111734176275927
0.4990320595036012
0.9871624992148886
1.320381822134921
1.498185116079692
1.885722390806249
0.7033414517159927
2.79508724507012
0.4916443133550965
3.693458658651292
0.09316865533174121
1.040265345575593
0.9981578021856468
0.2901662569479269
0.4308888458626713
0.8881140711415461
0.9070240590791858
2.649148803048569
2.157911949260797
4.642714609596992
0.7678811095660872
0.04051796565484259
1.56584997354273
1.548955419072393
0.7965004333564305
0.8203877901405384
0.2266643218764958
0.6279835331855121
0.5707176363416294
3.918269587790869
1.090108265701742
1.144854788283785
0.1815631593626132
0.9174639492165222
2.459838100304231
0.63872805839171
2.308698159330763
0.1331289111604031
0.0926730123985386
0.8511055867141735
0.09715493092771933
3.916629385298604
0.12256812824092
0.07028116355132667
2.091388707710557
0.9631205904652724
0.7066056365415647
0.5676228382724807
1.682983012407429
0.1816905213517983
2.244810988718286
1.85910916755608
2.017799835867177
0.497814624884095
0.2598846088553733
3.734246500379591
0.4369759093389619
0.1261034736378994
0.7034830702041528
0.555113794126321
0.1606788439883301
2.662958030181021
4.125486327339196
0.9294886336484707
0.7442396997295251
2.748173988214892
2.797297037945796
1.396493880153938
0.2027841134877667
1.186583199911369
4.877460506558964
0.4911829621669149
1.128555683726295
0.09329986787767361
1.229985425368396
0.3869005332675013
0.272508378207412
1.050910775238458
0.1914733665754158
1.265662166073101
2.337969804765523
5.594357074220552
1.187175671572752
0.7629393993533331
1.495933515326711
2.155470376071477
0.5876228304713733
0.3537607205085911
0.07109008337255356
0.9460825332001035
1.02254273109046
0.445016961150536
1.374852404635577
0.2300493825100428
0.3196944243684908
1.122424955598523
0.2827804776658561
0.06502333343162127
1.078606935057179
0.5802288157806234
0.5981683413783454
3.180117420044698
1.188215259967683
0.7132686537464238
2.918688157045929
2.838444801969123
0.2818074623527622
0.6534769317401874
1.110364953980662
0.08082500700038271
1.926987314420078
1.046944244997473
0.3853248413152556
2.213732499362416
0.6501646901352175
0.5125341011780932
0.8733654276916332
0.2293096767689702
0.1328352194751866
0.04220905479055306
2.531036923986065
0.3450669779441962
1.240522141495192
0.9504314320883297
2.452698388297431
0.6203979018321842
3.299829975186414
2.176629235987654
0.2220807077073418
1.583601710724249
0.659947407754541
2.328451344437566
0.5313055901900133
2.529055197137163
0.47040775518464
1.148165819857148
0.3790539447196523
0.05926279089088453
0.06710345348552325
0.05649243883512045
0.4040254617416669
0.1560469080952164
0.4345567524084708
0.660953737312326
0.452574208335193
0.280460066103853
0.3659640436204919
0.07795433019821424
0.2745843953791117
1.663260532308632
0.1743608478313314
3.027003177208179
0.6948403686939139
2.527587228831754
0.7152300118158944
0.3071774037641101
1.295793636700757
2.200375000360523
0.526413974690103
1.092099089950146
0.4266230738422126
0.379226770656597
0.339960732869494
0.4305062156826408
0.594146863586878
0.8083304859018263
1.312129263766525
6.604015436861618
0.5009511869729466
0.4462401554445373
2.494168247986811
0.159627182800246
1.100814713096216
0.2873136739392445
1.065116872073151
0.4662018466447569
0.2037392418148787
1.917468259742858
1.396143896368367
2.63711461955894
1.246019202038414
0.8213435879919272
3.988076372117494
0.8671049168609147
0.1661698167765981
0.1549516636026489
0.2913198010666263
2.16607202636878
0.1133670517561253
0.08168514938489177
2.65496865226861
2.034104881930829
1.66946497758082
0.7438260102084968
1.37884137281447
1.10650474579676
1.259342048528101
2.449798709755637
0.4756077065107003
0.8104491001493878
0.5354070919591684
0.8069151891894804
1.858385108170086
1.444284244921513
0.4632946087312445
1.381135961345098
0.3289580983153648
0.3179844891375521
0.2710836156859462
0.9415746895511117
0.2434000801364582
0.1978244181675562
0.4617662056944557
0.2492524927232448
0.4131556410264638
1.302189630630226
0.1015807364554224
0.5439516144894216
1.968427723229634
1.064206657311468
0.6674945371595891
0.9307998479413175
0.6706851654101149
0.1567220500961152
0.9636409576849414
0.4273215167207894
1.662650864605838
0.8193996174221317
4.782101129719103
1.49312541256499
2.195536262119205
0.7211335458131053
0.2674938252660308
1.078016232095471
0.5492129698071624
0.5069742535579288
0.08441827984743012
2.651052468525108
1.367092605338026
2.084275102865353
0.9841918109821761
0.03716432506719951
0.01554939768147208
0.0252209473072306
0.6059876846202704
3.465725320420101
0.1948793178847762
1.528537084464285
0.548470673530598
0.4040770922240985
1.159812175877101
2.038076859654135
1.329815703080796
0.8941003674853254
1.280501459442286
0.3970206507215533
2.555614498949963
1.17942568819814
0.06647595989821271
0.530121793949765
0.5637591999231831
0.4856804116999152
0.4036677009201303
2.211370462184986
1.844706172764344
0.04660863964492691
1.283548048629706
0.3027767539004938
0.04037032572436238
2.183437853934863
0.009785644512690189
1.32570293311858
0.5700763167547825
2.347993669440086
4.790029961326939
1.460271967965823
0.6365287339806578
0.967613358810318
0.354127008317583
1.387268538183668
3.452963970894646
0.1372884685235898
1.55879990631124
0.146232933359106
0.08245757172555858
0.6086089215355209
0.02710428108985198
2.545737237597233
0.5604095607592339
0.9923400185044066
1.544572887611572
0.8609355955414816
0.6380659732898862
0.6541882900800552
1.381197504101157
2.496245456059817
0.6980213780799416
2.289852033384773
3.653194921417887
0.2180301518702448
1.672486262459312
0.4013242550700655
2.157264693774983
0.2774142075144886
0.4567905383283984
1.322152211882716
2.375920320203055
3.105471662715472
1.843585243499406
0.4042709850424157
0.04591980400678449
0.5371736799412942
0.1509048600222935
0.2861236598470691
1.281828167186824
1.008122888732367
1.088796860281814
2.396879715746891
0.3443483058865228
0.2031149085909375
4.648732907147391
0.1199462329623333
2.544608755136796
0.3980936324627903
0.3325282537709544
1.174643986474568
1.26756926722653
5.401430971442998
0.3016408625329066
0.5690233181394118
1.114257188805735
0.8810231539910056
0.996445862149003
0.323917245787023
0.1057967942548002
0.2220297511233096
0.7047672556759653
0.1733857953767836
0.5703705528970086
0.7470333420174742
0.2290698752784444
0.9283925726626612
1.668706317465023
0.01319565227446918
1.320344502332129
0.7858292891701938
1.299507597947648
0.4388002522896918
0.6956082938961486
0.04288681119353456
0.117011386106639
0.4412866444063162
2.761813472798036
1.741688186194498
0.414801728924144
0.6209487937422764
0.9761067493605458
0.06167785567525559
1.484597769163983
0.4447387484008205
0.03894957852292676
0.5006877553290776
0.344848051042205
0.4743692342144502
0.274656385357707
0.8752856919937996
1.889208374992141
1.072124944937894
0.5505197603886081
0.9368175555314053
0.4013263273259997
0.5690806968344276
1.571530086944134
0.3019755609245153
1.752079601481358
0.3343541235174687
1.182806343334853
0.7785733646527169
0.5741881331259249
0.1618865347880206
3.22668703800648
0.4050255289173303
0.1458438510383564
2.496168997192161
1.514073772644708
0.7889960198678928
0.8979198580988352
0.1414259921028221
0.5035887053336957
0.8324518060600862
0.124058095519409
0.8879235883958116
1.472033168726146
0.8178121907117796
0.57997215799312
0.3675918755365034
1.453415459971233
0.6817743994216846
0.03312110236520133
0.4239577394160716
2.300626423005707
0.6580842443723256
0.4638731975923845
0.843126597253516
0.6313100782365192
0.01353628294400191
0.08650612268712481
0.4417726589747029
0.03061406606142112
1.032396095011446
0.7009902807849878
4.070930030128506
1.696237727075357
2.35313668267006
0.3619654499160289
0.6864092591620835
4.778835267604424
0.9345856008337228
0.5953330715023045
1.652640983837023
0.07485816071630214
0.01025164566660398
1.627339655004221
0.9335342205002566
0.1783784005170656
1.779546462139177
1.840884617616722
1.542111287976308
0.3490076502612883
0.3539577721038899
0.1098819429729782
0.8730355096508596
0.6004150671982246
1.172468263672291
1.179696466487978
0.2040994847673228
1.69370922529278
0.4149721973801453
4.052926934742497
0.9212510998467642
0.6491125724739206
0.1501771785964044
0.2724263960111323
0.6621356012464666
0.5895447048930115
0.1364634954132976
3.436612080928358
0.2538661548052863
0.5768261129493309
0.4055756092220327
1.713192394812509
1.572203221650272
0.03697157432113098
3.456914310445819
0.1300071272249353
1.527841463388448
0.155545165516278
0.312007682794629
0.5702253147645112
0.537475425780112
0.7064051011439415
2.266326755640399
0.1348405993383554
0.15929738511442
0.4172691701087062
0.4662794345515154
1.411241722861678
1.544692391701562
3.418974607336002
0.9266179319078724
0.1490755194872115
1.875398307562853
1.118155711265283
1.782813916813249
0.1622874452957141
0.01351994104455445
0.3406204504523323
0.1600033755854634
0.2760490722811275
0.5295589606017174
2.165154171556286
0.5139736721529482
1.284200644638383
2.315948641836554
1.069714615554151
1.225805234743918
0.06408337945287332
1.378530434034426
2.08978632851505
0.4350467704473256
0.6090048872634151
0.143684068756727
0.2912161945207801
0.6423211776291166
0.3343307341365266
0.8789211813548825
0.7551260917053096
1.591387425923898
1.15575912801906
0.2880398658962495
0.6175272333194515
0.7242324094257399
0.04091088035114097
2.792385670020194
0.1416049587468582
1.051345504126765
0.6188978408324294
2.537327446132724
0.1689148546312222
2.42776372598815
0.1429967211337718
2.360712037029208
0.8853053687108827
1.282952056613311
0.8936380915142985
0.6046718447762872
0.2311625757084431
0.9846723961940909
1.630626220457815
1.049535804970491
2.219023066282524
0.732130842885528
0.599422736942269
0.6282185048831127
0.2099167200913089
2.811903950890362
0.2446029911438275
1.200138245332903
0.2813356170542412
6.791353665706824
0.6506293422565641
1.660834754163339
0.04155532194370226
0.2941515788379783
1.176659071600314
1.43478357405611
1.178784932852439
0.3863529204440098
1.084565293858503
0.343352793392234
0.2933112638996023
1.444862571039278
3.492528610526606
0.2924443444400622
0.5649271139470707
0.4453924468944404
1.267137471209782
0.7865570754881327
0.1973664010681608
2.160757918804937
0.8358233866939999
1.298886307239628
1.174084707335516
0.9261717595827541
2.079987233710464
1.909659622585642
0.3001304597162777
1.275656266842824
0.2695079792279744
0.8109860528289767
1.518516772765922
0.6280172741963431
0.1158491119117929
0.3394306822956991
0.3449439221594437
1.349522798733525
0.7660188142790011
0.9428570273887937
2.382291245391137
1.116100989360783
1.360304594647993
0.71692773952578
3.300158531832817
2.948117664514506
0.5069575856474776
0.08352080526025214
0.7053108884505817
0.1293900950354603
2.569200226297028
0.9999196359733684
2.200023832989277
0.9924408145889956
0.1272703166936885
0.02802449076299841
1.021685095637198
1.16356743114998
0.7463342964377173
0.5048932256188468
0.491158328207253
0.4161883534844558
1.424198221073079
0.1552341926299365
2.21426859326498
0.5973835316922224
0.922558442193589
4.851558512404416
0.1836334063565268
1.070385488519521
0.04697108901509372
1.249186128722486
0.8126403553252471
0.2511601566693925
1.585359910773363
0.1361176201727203
3.047804784354914
0.8153098821328423
0.7889438277905325
0.1420912387652386
1.494524327483819
0.4811537053920781
0.4037344014545031
1.289580488216094
0.4938681595586008
0.1753232392776236
4.050220085564259
0.1103207069393049
0.4778757331672783
0.296455100620878
2.284530476373014
1.489947528178054
0.02014079161843297
2.375804863743467
1.649970193305747
0.06215369856123512
0.6994618893142051
0.09388035096883142
0.7419202057401314
0.5444990956805076
0.8275740207256367
3.240108229595863
1.56612069536753
0.04728697605180775
1.000038140949425
0.09300710290453822
1.806869998227325
0.2084894428342877
2.736297128929125
1.075465422630638
3.233277059633605
1.661141128702131
1.812065955330088
0.7966200737688169
0.03873359909768197
2.342176750755417
0.2945082594613244
1.666334596728732
0.9972626206295365
0.3579560628212143
0.3099619555449169
0.02987551485877001
1.274085397528116
0.09571608004909436
0.8686838790269746
1.06814092973351
0.5979587625083252
0.07213361929524544
0.7022433238469959
0.02358277933062865
0.3739997482487507
0.2746293017433949
1.820827429061015
0.04604900768290134
0.7674180929520521
1.043755537306961
0.7816004103623641
3.502109859466664
0.03934667696636174
0.9800101624359795
0.8940795865946366
0.3240913933648349
0.551825764059109
1.72739454639092
0.149663091244833
0.08836620406081437
0.6848173236471967
1.118356938726315
6.792224319792242
2.059743569100004
0.5404474080403575
0.6797297090525044
1.187439460072878
0.3060188594971429
0.3823288561892241
2.096511013399873
0.07420235433186824
0.3849482743435305
0.3052277187362252
0.7642367203789623
0.06069963140927873
0.08753310932930222
0.009202800758167866
1.815666709664256
2.184404340974771
0.9944984956552652
0.6137389296557659
2.72103232401096
0.343553981941651
1.863342946601893
0.7935180119116393
0.02307306646773401
2.272782037933194
0.8274900072570557
0.8269954724688169
0.9787146142708751
0.1231087034639135
5.007779314226914
1.14577038248654
0.2924032218571369
0.3260611450468364
0.5898333056035515
1.608128494922801
0.8360641403805531
1.26920891706389
2.369561081361871
0.9747181108535871
1.000467640242378
0.3274792759350333
0.6267182110359442
0.6745942508418973
0.2262074256614223
1.706630347953125
0.5255293847743964
1.059148562291185
2.782010507258012
4.009293514991572
0.5601492696371372
0.06816351887336376
0.06921948025757944
0.9298944325188496
3.940572127647663
0.535330194573996
0.2755762304804726
4.325888531292208
0.3039786014742316
2.209267755234372
1.807412795624383
1.479093176699503
0.1337409136232236
0.09888428630936801
0.1734059230319842
2.913599693430805
2.631734050511644
0.4725897648862266
0.179300383467708
0.9107989108391812
0.8122481949695893
1.135842635744904
2.298360009322078
0.3613932689880546
0.5917332763314015
0.3297647793300286
0.7305548130734004
0.6980826405538388
2.001090233464989
1.078848767141271
0.5280083018689146
1.800986999490834
0.5089612367359201
0.5495977072618159
0.5288760722735625
0.1398928097658865
0.1481186054026997
0.2101343375347523
0.5210026950730116
0.5278065008648147
0.1061521592748113
0.1816906732532737
0.14150217173736
2.234656524506092
1.5237228074558
0.4146147019452832
0.503847566825275
0.9507650471148745
0.06298466475062493
2.112084817763115
0.9824894492117964
1.569319231636762
2.193344421920415
1.052040151884056
1.575884463245872
2.261765588201265
0.34728231204521
0.8396317088580094
0.5051168665434296
0.5603574779827803
0.9697877702401377
1.710721161133477
0.4838218577102646
0.1261470460125249
0.01372141286681291
1.562031711993769
2.207322227437134
0.1154175483236367
2.887003283006461
1.840034090062139
1.004927222466175
0.503070056709129
1.404334969869879
0.3543081155125217
1.099172642919002
1.608723269589311
3.140801609999161
0.8852299687049873
1.544116978776057
0.4735942965626986
0.04619169820170414
0.007294154417541155
0.02730406167513697
0.07071182116428616
0.18981855352609
0.02292118290584767
1.397684897639501
0.2776664296096369
0.1458580184923925
0.4564418699142259
2.940989637409146
0.6356755216205384
0.7130932129559401
0.04156543455601536
0.4747403650806215
1.086502610881414
0.01666291991585544
0.8203350413351161
0.1979090491342191
0.449573331644573
1.25956720517824
1.438075127556369
0.3438377452718828
1.255921628936437
0.581228658588805
0.2710858262947899
0.2855987671109144
0.0509605551250147
0.1892426577788551
0.6800013729200111
1.119088348849338
1.016860015432363
1.387622543711152
