0.6945812491942364
0.6474296864836655
0.8700077742480561
0.7655418231834302
1.595322276373978
0.4583944451361879
0.5050456385510671
1.056908179627955
0.5683806914334236
0.9449364612461284
0.3114257610678716
0.01609596102114747
1.155545142135143
0.5122369674409822
4.261427250017912
1.93630960732535
0.01314056134742558
0.1767894118609787
0.2678924996583718
0.8043014290150349
0.1314543112565711
0.1587197848399695
0.1655925335396593
0.3059181057255677
0.3990504907334907
1.269437417240099
2.135845129612842
1.924870498702166
0.2745614880389767
0.8931272979498932
2.385906671958427
0.9826987379142806
0.9918810949823845
2.003475132672951
1.451965047159455
0.6661716377376622
0.4043709796398046
0.07841670581291264
1.059565304270654
0.6079227378786886
0.2120780027020638
1.291721866926578
0.17853755100226
0.4533329269485665
0.189048013311435
0.1741051775295754
1.270062879965391
1.821955285838462
0.01198463074263557
0.3389299018042832
1.508982950015286
0.48959551671299
1.213675579838912
1.681822227542156
0.5122907339547471
0.500965859841318
0.5422048747349549
0.5399018500434783
0.6930446626284689
1.520675565981058
0.1623576264195475
2.419561228253491
4.275946512929821
0.600780000763192
1.340636559809303
0.2161898856049019
0.7165548120002623
1.441316014190095
2.111862631579598
0.2432494902200953
0.8882143768371816
0.7218597995763359
1.993508079012125
0.4916730912378952
0.6839342608197512
1.655818199268419
0.4264435010229737
0.2861339010687354
0.5584675700687406
0.1380247823211219
3.395662776679844
0.3136182000239108
0.7037941719153994
0.9628135298595312
1.035430310963211
1.392727699745826
0.1295780675817186
1.511392436582627
3.756587403969663
0.8402025991562314
0.5204208794575039
1.998413145557393
1.544394315987071
0.744633774285281
0.4564544717373317
0.238612042509868
0.373755466639008
0.4816718703899889
0.09775661089282429
0.232667628186271
