0.99999964237213135
0.97451961040496826
0.64748388528823853
0.33308556675910950
0.03694454208016396
0.16171187162399292
0.66464501619338989
0.08467286825180054
0.20413638651371002
0.16730692982673645
0.65495735406875610
0.12881614267826080
0.91008168458938599
0.11171623319387436
0.29902115464210510
0.26544746756553650
0.69982421398162842
0.95028233528137207
0.09181069582700729
0.90234142541885376
0.95968663692474365
0.91497522592544556
0.44117909669876099
0.07354832440614700
0.92435926198959351
0.08821046352386475
0.90817785263061523
0.36223363876342773
0.14770798385143280
0.87892234325408936
0.00542557239532471
0.22174972295761108
0.98033499717712402
0.83013641834259033
0.00525675760582089
0.24630758166313171
0.78202629089355469
0.34070748090744019
0.46098166704177856
0.51993668079376221
0.16077363491058350
0.97457981109619141
0.01061712950468063
0.41422936320304871
0.23293215036392212
0.55518323183059692
0.29049497842788696
0.20547395944595337
0.56129866838455200
0.79124677181243896
0.26888790726661682
