0.4971241503467504
0.8432204896234093
0.5524027570199284
0.1257907303008082
0.06596201698439967
0.2917053158925089
0.01810168726019739
0.467540502718571
0.7566837245327271
0.5210909202155422
0.5404591433982459
0.4926229554718883
0.9001727253473826
0.2554878909111816
0.06206058739864122
0.508013086811762
0.5503146295798542
0.7266519657772303
0.1460528145435775
0.9185265407026928
0.3696643631584273
0.8760203183944828
0.3603954691513523
0.8578781922682956
0.04400726286606242
0.6964288621212311
0.3175789803479755
0.5482038004533251
0.8227499664812024
0.1034764139927254
0.7091779725298062
0.275710102003526
0.3683101230537808
0.806261859848852
0.3302289165691181
0.00168965055328445
0.4625342579395806
0.9443072921366081
0.1460647717107021
0.05223427855900868
0.2113087011895302
0.5545899564404313
0.7530819795756999
0.9806066129559534
0.6726104382100362
0.43247619179853
0.8572163454513998
0.6829274939810143
0.7780266655385245
0.3304218834280655
0.4157741498041898
0.9324863543775501
0.5248426514193327
0.2168742042936589
0.8003617554243951
0.8103961468322434
0.802452248684103
0.6689066535791615
0.8982138564676445
0.2654684779736619
0.3127965087396712
0.09086802087251893
0.7893899588246447
0.1513081243626034
0.222567540925567
0.09852656641022732
0.8150714187329824
0.8158073632456293
0.5846885960105578
0.4405879298057724
0.1409006602666253
0.06697403018295871
0.9767885285176278
0.5052615836344901
0.9935294446926806
0.6781579935573653
0.09197249309367232
0.1212383064839784
0.2860365176922078
0.4549710816234621
0.7753237507942348
0.7129358381312639
0.529177122876865
0.9276539482506722
0.4763990560836837
0.9415527865089071
0.2080009743782038
0.9951577829615172
0.3767082497218087
0.2465681273041064
0.9130117920884938
0.2017785366965325
0.5451601191368175
0.1519900738853873
0.4431817308040821
0.01846214977253007
0.3143593774382966
0.0236586204813211
0.2857374180834388
0.204122656872768
