0.7535819628206657
0.9613697796190505
0.9819763564362499
0.7274346997945463
0.03640744939754152
0.1817017252791056
0.8592799875979439
0.4952204849040753
0.6545667556820203
0.6493471608683696
0.3501407907196203
0.4179287677457701
0.3070566776046736
0.1465082097382587
0.5790940164277851
0.8155148173100463
0.345440660866509
0.4242696260710401
0.8541034103750237
0.7115448235377044
0.3022890022452893
0.1774945625550985
0.2088112892211342
0.01366138323101622
0.77581787909975
0.7344102830496764
0.427295449013664
0.5372591194820591
0.6495042138303143
0.7422997045450177
0.5714941176733231
0.7816957351898794
0.3374128359981576
0.9967796014397829
0.5047163654971728
0.6562071675598786
0.3991954655173317
0.104602742632743
0.486790631858792
0.2365012471655778
0.3499885330644568
0.9380831780531668
0.0257518998205291
0.9607410718410989
0.9822238583427446
0.6672747165493903
0.7788316287325825
0.4357305417065477
0.577830611105142
0.9805626361777892
0.552258366357118
0.1804731281391567
0.2198622393845382
0.3707535515156297
0.8048420987108882
0.253959040670851
0.9898203376588658
0.7668173166256752
0.8945939513379374
0.3328481641457389
0.1882123250994677
0.7201059793502766
0.1303478659654478
0.3425757398350697
0.8777774962671954
0.1838486454691381
0.4945192645805676
0.1167914818709686
0.05467851028939567
0.4168087633141664
0.9901070519530465
0.1081468445519133
0.875463338840604
0.1358810142597287
0.9264262189183602
0.832696713150913
0.0434563420819775
0.1845830456092915
0.1071886831981384
0.197752035632499
0.1050596041725578
0.3940055154627739
0.782259251175498
0.3957155993899238
0.0258567277309371
0.02054439790950473
0.1946687411297498
0.005156366790947486
0.2540734610797379
0.1236112795659421
0.7122227642277024
0.6052138183461492
0.04832272368193639
0.7434709918416221
0.7004957728843024
0.3181899410497536
0.04738470205050997
0.5637745171682692
0.4234210619386181
0.09206764927936377
0.4048961066675844
0.924351175282658
0.09114294555409568
0.6447900058437374
0.5431653762790111
0.2995362953970329
0.003984597159069669
0.9125173124898708
0.5315125493026236
0.7757750833742787
0.3979289474716264
0.936865243942403
0.04771725553019705
0.9606294999893703
0.3164613455122469
0.869437212733339
0.1990949490499284
0.008109213472407052
0.867259877930717
0.3652199048121555
0.1054293563541346
0.13288642460429
0.6963645205701663
0.8285441362193798
0.2384132284248272
0.7185312245463248
0.4612297854287841
0.3545689422486082
0.6211539556444103
0.4669550315520761
0.1408609601369408
0.3620798184054883
0.01014874742027976
0.3784706875737451
0.9499305233061308
0.5145102524524193
0.2165452228177007
0.01789577616554232
0.9939342180711455
0.4137909231954703
0.4170153891154307
0.1306657583807313
0.1232753247293187
0.225341692401391
0.5289843293067855
0.6358760720064704
0.4361313355606575
0.4166520259781772
0.6337686550045855
0.3881277417299251
0.3682545201923328
0.317714246704159
0.5861107211285475
0.2705846514541173
0.5236110151128991
0.5363664733188876
0.2212732836119528
0.7378157165470647
0.9307695178092537
0.7997266351092835
0.1017148020698985
0.8482573437603346
0.3987845270032266
0.5624609931191343
0.9935566559128584
0.9807551411194828
0.7257883275880348
0.5676406568889155
0.9312764106812405
0.7531708785728901
0.03120541880162202
0.1449541780012824
0.7720341486649482
0.7870235797538015
0.5896848064218786
0.4045121229616129
0.7866192948230899
0.102456868249184
0.3127429850842423
0.5824000830932455
0.7524520778714692
0.6201614883246831
0.6121403732598318
0.9855966762620736
0.826016977083856
0.8201090707849528
0.0157767512002474
0.3437526770737255
0.6244070791007841
0.1417605683420147
0.2323262424991097
0.6037423574623583
0.5248768067528411
0.7979523400256797
0.4332459558548996
0.2066446896107463
0.0670153016012414
0.1725220744904077
0.385259239306349
0.4979218150148962
0.9918629043090246
0.5122062578802923
0.3534310116597981
0.579429809331259
0.800011220112862
0.5044039690282794
0.96622436137132
0.1375446306859654
0.7519331186365712
0.5233527762945207
0.3836387568299557
0.9417878750332058
0.1888724771571875
0.5329115356033932
0.1170064482822153
0.7767946164244593
0.5808994194345469
0.7676883303138273
0.1782661916428823
0.8032647867907052
0.402028776250424
0.4395551553259717
0.4315729476640602
0.1311386657244817
0.9289041819996799
0.8450184831992008
0.2513286523262525
0.1720243792566614
0.1956835060746716
0.3094730480457004
0.9552203982683394
0.2347736548050325
0.6332084637902746
0.01532707780567604
0.9216156716425693
0.5757755587052946
0.9041607034896917
0.01879612558326032
0.6633182819471204
0.6833921394764284
0.7874597334240149
0.3360882929247364
0.5906576235904735
0.1529900123050551
0.1442078143056515
0.6307288346521259
0.5076769643292922
0.7640583068237888
0.05324010117867965
0.1362877685233227
0.2305917214861798
0.4718673511218334
0.01861717024372538
0.3231406075246039
0.01601333790164199
0.218134645558992
0.633013372104555
0.1309987034009684
0.9098449663251102
0.2133444210239534
0.6399034276697683
0.06231264742706337
0.08847367444347824
0.3990603993442565
0.8259675642371161
0.1861809824639128
0.1262261394313364
0.7523100283776708
0.1351736897906217
0.3481555809597576
0.4761946934944499
0.8011780377835879
0.4610355912337809
0.05197072404896168
0.6384011705741508
0.4055919640624226
0.8630429662504535
0.9260999469533274
0.3009240640040248
0.9023259447854877
0.280943983891327
0.2246699817658582
0.5569289850821879
0.6825435835043824
0.1189300831311085
0.103132505212752
0.4620700891051352
0.6985280371294237
0.3259779375344539
0.610682214468956
0.3135929836766689
0.3174587330857592
0.5764171871117034
0.00336122726856285
0.5727722009302268
0.7549895146553138
0.8100859471215799
0.5808304245808692
0.5580710091820467
0.2546935011315889
0.785966654580636
0.233311154991921
0.2444536515130927
0.8113898135235355
0.6842305366051558
0.4270268044213925
0.7095400905804642
0.6971003460611948
0.5251121028089402
0.9632531817182099
0.1342863543379544
0.7169379871903181
0.6898479155601825
0.6135287228560877
0.6280896210058888
0.6059959853968312
0.1251716048254118
0.7394829184299702
0.8982578827086436
0.3522123851063819
0.6956465151462284
0.8085132780243256
0.7142600495634128
0.3635505576109029
0.9006598930607389
0.03585547415841943
0.5559175850420666
0.3930836979670336
0.8479394032590654
0.2238124891644934
0.141173000760673
0.7450578204009723
0.8409631725213859
0.6885989275594144
0.4185015944641068
0.1966378891113411
0.7625266220677164
0.7274888424548906
0.3150311671392683
0.8983499812657694
0.8681132613839992
0.4632650363309878
0.5090671789505691
0.7038896012566832
0.750779258056155
0.5456234258465619
0.102028594694166
0.9182589281217975
0.279569226841465
0.5340154161541745
0.9963094276242781
0.4605241620788746
0.4890154500866662
0.4307231803405704
0.03589047784735626
0.06115476547761971
0.8591200710305854
0.1989961707152259
0.1539706848812395
0.3993346031260994
0.9443790836202044
0.3987739470477027
0.2472847864171129
0.8887197348912306
0.5331172491979498
0.4601383313425937
0.7459896723539037
0.4662192345612284
0.5563785275883576
0.1677886735104977
0.1346101282408594
0.7734067133999212
0.6074650281878351
0.2113817817216387
0.0586329361200482
0.5040778406983978
0.3624629281545307
0.3866335368605199
0.2188188125577733
0.9889780236401383
0.2080149041935783
0.5001907878802822
0.5586948669185532
0.2721781346735148
0.6453839280740175
0.4035097869335609
0.3658940636233408
0.3791969741573084
0.4815203322518233
0.9732814850641899
0.07579205691492667
0.3268370644783069
0.7035684665839902
0.7462318127535114
0.506080045950224
0.4461421351992985
0.9794780831650965
0.9108891616871815
0.5985129423929413
0.7121422482797221
0.4870470556578334
0.8372714263219172
0.2619891850480183
0.08823211222404508
0.919091407656985
0.8788427683566802
0.7435378079333361
0.6378093993738869
0.8490484433922549
0.5011480193471975
0.6437959574703834
0.03695787671814781
0.4328766532023268
0.5294437556520856
0.9322760201639507
0.1226918672735745
0.2056698449574657
0.9858169583063637
0.6953730390807842
0.9002840810437515
0.7447384119102577
0.737598392999072
0.9612620367376356
0.8397529395690061
0.7364796827876688
0.6016700259981317
0.1022150298618372
0.6760559118710814
0.04396284801159682
0.2410785142003668
0.618606321244067
0.6175493361862189
0.5458868067937803
0.403656043228806
0.005141455164809394
0.7002425973164828
0.1777415398203829
0.2940203075059972
0.8233434860688045
0.7871696401857856
0.4773599792635149
0.2391463765657785
0.8882964461826419
0.3524188994119616
0.7499574978310738
0.6736449415162102
0.9609613302724227
0.05142002084094936
0.4069176663799181
0.08873172902294739
0.2926424716543981
0.3796791269203729
0.07310778250033582
0.1780265172520359
0.8398433384847661
0.5957018931288223
0.6226161421659194
0.213225810460224
0.3333746269825481
0.2374352780805521
0.4531189452939099
0.2237522518772745
0.007455424532717791
0.5494323400682635
0.3588065651283242
0.8501407434037487
0.3362253861015862
0.8656802006616845
0.7099080309475705
0.823214901633831
0.7058185947336508
0.4765905924265474
0.6789875961138172
0.7904941626404872
0.8203267318860481
0.0298218983542407
0.9299964402136242
0.6145890866866146
0.6055736340171795
0.4744622818950542
0.6394817200174323
0.173464554584951
0.4605521603484737
0.7009644223740237
0.3765693381476626
0.01627554613300435
0.7545269406325334
0.2627154190249438
0.8127902763023072
0.3765386583775829
0.7467472402795926
0.5640133356860825
0.3403171420293349
0.665913855992819
0.5107272376080862
0.6803061855578151
0.420329555235383
0.94726769901681
0.7311024134459531
0.9997953533235274
0.1810137505842599
0.7048787283432273
0.3361852654930901
0.3350374146977096
0.4385960814627964
0.5235123648934576
0.4082810491579705
0.4638337484272277
0.7252367893953297
0.6136491402175204
0.2003414066252935
0.2583653509703778
0.7474443510897418
0.8554964641805116
0.5349825209058579
0.001449767306599004
0.9475995086901453
0.4323032148424834
0.3612168250526281
0.04106783315674072
0.6097663443458793
0.3754495998792629
0.5872289078018239
0.3809016553080697
0.6125301362276336
0.8074857228855782
0.4828786185563849
0.3126425874075565
0.2565656751202726
0.2789964335388561
0.2131712841832714
0.8391952032023313
0.3878312737999922
0.1533839127218247
0.9779819438606728
0.1517558619962894
0.9908581981270362
0.5234868830290011
0.7937350776916511
0.4318652734875622
0.6385616043571101
0.5154271207110132
0.7190581932345527
0.0532179766841409
0.6141114684124941
0.3039090179199892
0.6089711603630078
0.6177825222201511
0.3029112110281854
0.7902266449805202
0.01138169370297308
0.1321437941864109
0.3256003163973041
0.4223945774413739
0.6760518306066408
0.20667416318074
0.5405681210097686
0.403985051911419
0.7498883428781944
0.5071211589879876
0.9195175849091111
0.3113914750732209
0.9641910333405992
0.8420284294934335
0.05217714387236098
0.384918923996045
0.6435743061923049
0.4215407656689065
0.3424024266141596
0.6061908678246205
0.6127408312707121
0.5862039826603868
0.7645303628481905
0.7040615956991162
0.7980206553691277
0.3482447290258743
0.7783124116206125
0.6931385000857248
0.5054987303188999
0.9389881332412672
0.2292750058970599
0.7782585794761773
0.3746360227694818
0.2576968012918289
0.09786842465193694
0.5966753411515892
0.3122639171372975
0.5125090809004176
0.828071170062503
0.7575922754367546
0.8440902178256365
0.1047700527735973
0.594425731670952
0.8237098979228378
0.8162240939160191
0.2883989319096295
0.9914684587421547
0.4804063027868414
0.04766763294839298
0.8987458107554815
0.9722626084122272
0.4378496204892106
0.9118201119147381
0.8308158846668179
0.7322909099990365
0.8457138662284167
0.2430985459696022
0.5710695129301617
0.6617832906329169
0.04420750747868489
0.8517068038514247
0.7760975913097284
0.7442375896390484
0.06420018927398301
0.2520096456739516
0.5009417965448822
0.7558876645244134
0.1511808427395534
0.1830893439983965
0.431840196877056
0.5023122302918278
0.03309034154754857
0.4975246589088616
0.4492383124147708
0.9160167360977114
0.9017642720924458
0.8998699502312557
0.3613731361977587
0.006977380017002477
0.7084687245325604
0.9634357093377004
0.7302539031394552
0.3564346318048741
0.6919302491849796
0.3827743616923138
0.1077132120522852
0.6208241124447029
0.6623635319385475
0.7939051812354021
0.6630800699437546
0.270408322643615
0.1444012759507468
0.5856198586986462
0.5540325439628165
0.6202930718599693
0.4333380880526616
0.09590445550219744
0.72721803680022
0.3954180160389573
0.4536699314092438
0.9185471989843291
0.4309499384431472
0.5541812989081148
0.4933213359022198
0.4861712012501767
0.1172572884063482
0.09481406780143269
0.9484706203086646
0.3677147634508256
0.6689618958522073
0.4897966932264535
0.8533519358593251
0.6847193259043414
0.1720090298647285
0.1785124550758677
0.4020869279736984
0.3791132525305193
0.3672883787182121
0.8072992916008385
0.6958978726034961
0.13502997600215
0.5380184537360315
0.5838465695658017
0.1315208307196209
0.6703667174121837
0.7672503207707302
0.795087193344249
0.1335538033016245
0.7979554769082438
0.3630423678867212
0.509357844939834
0.6528575963479674
0.4104521517338577
0.2927834664261188
0.3976107127333697
0.07728232119473992
0.1564804398955253
0.4566621639778927
0.4035628550177905
0.3275213657846145
0.3726610084971024
0.09841129483391602
0.2492923726573745
0.5172134157255522
0.7312406769328398
0.3364364505974762
0.1323700014643331
0.9624454109410151
0.2231540927850086
0.5598617330462173
0.6340585699713347
0.6043711070176823
0.05327324782282854
0.3784269554310527
0.09963458976392585
0.6182068063560135
0.3232213524055947
0.1221166372512199
0.7828759234118623
0.170918968379967
0.7767991507210794
0.3114798672699537
0.3134936500686417
0.9214344273493984
0.4010475096046186
0.3144357763308539
0.413659615161083
0.03702556635084579
0.9299325005641705
0.4377603015631835
0.7579223165147526
0.5768665925875618
0.0102172075123607
0.1660376680238272
0.8600838966134366
0.2447658946920507
0.6222986615089007
0.02943461567941157
0.1744933538344227
0.701425070485761
0.1749214563648255
0.1393558411270293
0.09517417077774863
0.7154198310117252
0.09910677576087328
0.3918722717952167
0.1645984024745094
0.2856160507631015
0.09600378698174332
0.01002132788740988
0.2925986234512529
0.6605016642737244
0.7344237183276219
0.7837887541211209
0.7269013265716083
0.5139256906250677
0.306308571263644
0.1603230853913688
0.8483956388059281
0.5355903841482073
0.1422351621845164
0.7970000065688766
0.5794364560750144
0.4323414266534091
0.5393360804658768
0.9715413804327601
0.9718163677721956
0.2919290539918558
0.2330893684109314
0.1621756054623415
0.4970264031223571
0.1120205970708969
0.8597725038526713
0.7160200710374024
0.3847633577329579
0.2382237236077063
0.3563045924907082
0.5301041421389222
0.4537964946516351
0.5342658010237236
0.05634072045189713
0.2118907302511163
0.1205367708594984
0.8057779728460998
0.651814385764201
0.5576770689626644
0.7005697857178447
0.5835894877917931
0.8133332399375524
0.8151014981986436
0.1728038741120384
0.4860835047811314
0.8160833332698479
0.3541862497398152
0.5240241988026202
0.462787185893565
0.2590866774652327
0.3728150301537974
0.2810272980809359
0.2646637351116305
0.08552814706531879
0.907829790136868
0.8400779997642985
0.6402557218367427
0.7253585220972545
0.3913518490166467
0.2092304664120136
0.8907766983290032
0.5889614671044456
0.6996566704765789
0.008235887156693478
0.4976778230394041
0.7010790241635498
0.01265207834689313
0.5712341313296563
0.2060766163824291
0.9412779560615984
0.07179841086489096
0.2842661541931703
0.7232541017707197
0.8954787330583361
0.4717964458663659
0.8166945605674037
0.308787563183605
0.8329868564833732
0.3629802824133107
0.2111820895776899
0.4393995646170792
0.02378606903660812
0.5475873722077641
0.8429900950308766
0.2460318449966236
0.6996959856956184
0.9831063344447616
0.1716861444590177
0.2638468080207284
0.6370164090568518
0.9859892844192807
0.8518023975951808
0.4430916043576903
0.8349692412142062
0.6805435367158588
0.1252981239398502
0.4487289072553945
0.3583059223536303
0.8564317214432282
0.3005836240968667
0.3383729661747545
0.1181279362683088
0.009674486244725378
0.6745736565143204
0.1444906309668847
0.3052247423041705
0.8702788738640583
0.2749517128540859
0.1464708326264192
0.9104409216532684
0.02990846077406788
0.1795933396937576
0.9149921291868769
0.3501343754966382
0.09105185695391775
0.5053427554086812
0.5515283306991056
0.103842188392095
0.8438465497447977
0.989004150723051
0.4224134303966471
0.6604981809046641
0.5078036327070767
0.6058959435930141
0.6580754007831026
0.1307558765995214
0.9607763539661209
0.6998599712704758
0.8883609258578005
0.5136268370604741
0.8237973783507674
0.2501979176966727
0.7041954799353892
0.90815760787293
0.417719144944599
0.9459944993706825
0.334506362833922
0.6363663741343869
0.3260803772408807
0.1504470177610942
0.6607932506177103
0.7959585602434575
0.2994709363395044
0.6232971108499709
0.9240559798329817
0.724000334924715
0.5520887526960497
0.4218207557400964
0.8106979421806222
0.4104477667704649
0.1184039673866002
0.5203311185283878
0.8642165894111893
0.8023330224635911
0.7920099123930111
0.3326277087235204
0.6350138202027511
0.4078414124052064
0.8011014441272409
0.9746010158223259
0.9590212753030335
0.1469706427314558
0.4662834634133633
0.309702152109198
0.3243273295616013
0.7329479103780817
0.8372332333050064
0.3794285253021499
0.173894706046007
0.3416261094458631
0.8337218288341103
0.3123585100641268
0.3837377489018858
0.2752863108213041
0.04911920822126518
0.1648470357760622
0.9298221190506321
0.6295563719066989
0.2479087380276707
0.1603682518490883
0.06671027413119172
0.943949887883317
0.2494196230159909
0.1737327133250784
0.5321565194016756
0.6619405182978527
0.2037403586338394
0.3580881098942854
0.06997791896639786
0.9251298411562241
0.9851508794884717
0.2209068099258845
0.7952293477259793
0.2727671228575779
0.03336883018381324
0.8175350380942573
0.2322580851650385
0.6896659188656233
0.5705320924912092
0.2350285715224517
0.8626485468172161
0.5772694159311468
0.3378276485438628
0.2284605113420126
0.7218341849140918
0.333395642682392
0.0259163087197019
0.3145363927223403
0.9976102135491707
0.9776854300899654
0.1551037833904419
0.4439093862841199
0.4642816670425705
0.9511728730218694
0.04021665336884787
0.288014313803358
0.3080084154840828
0.9990796586180534
0.6036626096092392
0.4926556093897138
0.53393787696561
0.9874884019847587
0.2085796510309169
0.6626156468266095
0.3297483774474804
0.6885505742621679
0.9438401876142343
0.05038464408159475
0.6416402855112585
0.4965061141574663
0.7315981931930856
0.9916088768558082
0.6356736336423061
0.9900126586918505
0.6238862434425575
0.05962180125815779
0.2816691994050043
0.6364158121121694
0.07606224177471281
0.5628018637636494
0.1465127202233344
0.7316628158869606
0.6513653640499627
0.9488353422763958
0.08673796402254201
0.7626426459348072
0.1860225950141541
0.7295486253402286
0.3588438953985855
0.006929073327898205
0.5990666054595706
0.008438570059874407
0.2025166787816453
0.17157603899386
0.2853001506000868
0.03425936601255967
0.5548752027193734
0.5082030758617778
0.2789527961395215
0.1166272992622047
0.5700776037907854
0.4819559840968901
0.4067070256546874
